1519434077.620493
1519434077.720026
1519434077.819559
1519434077.919092
1519434078.018623
1519434078.118156
1519434078.217689
1519434078.317222
1519434078.416755
1519434078.516288
1519434078.615820
1519434078.715353
1519434078.814886
1519434078.914419
1519434079.013951
1519434079.113484
1519434079.213016
1519434079.332456
1519434079.431989
1519434079.531521
1519434079.631054
1519434079.730587
1519434079.830120
1519434079.929653
1519434080.029186
1519434080.128718
1519434080.228251
1519434080.327784
1519434080.427317
1519434080.526850
1519434080.626383
1519434080.725915
1519434080.825448
1519434080.924981
1519434081.024514
1519434081.124047
1519434081.223580
1519434081.323112
1519434081.422645
1519434081.522178
1519434081.621711
1519434081.721244
1519434081.820777
1519434081.920309
1519434082.019842
1519434082.119375
1519434082.218908
1519434082.318441
1519434082.417974
1519434082.517506
1519434082.617039
1519434082.716572
1519434082.816105
1519434082.915638
1519434083.015169
1519434083.114701
1519434083.214234
1519434083.313767
1519434083.413300
1519434083.532739
1519434083.632272
1519434083.731805
1519434083.831338
1519434083.930871
1519434084.030403
1519434084.129936
1519434084.229469
1519434084.329002
1519434084.428535
1519434084.528068
1519434084.627600
1519434084.727133
1519434084.826666
1519434084.926199
1519434085.025732
1519434085.125265
1519434085.224797
1519434085.324330
1519434085.423863
1519434085.523396
1519434085.622929
1519434085.722462
1519434085.821994
1519434085.921527
1519434086.021060
1519434086.120593
1519434086.220126
1519434086.319659
1519434086.419191
1519434086.518724
1519434086.618257
1519434086.717790
1519434086.817323
1519434086.916856
1519434087.016388
1519434087.115921
1519434087.215454
1519434087.314987
1519434087.414520
1519434087.514053
1519434087.613585
1519434087.713118
1519434087.832558
1519434087.932090
1519434088.031621
1519434088.131154
1519434088.230687
1519434088.330220
1519434088.429753
1519434088.529285
1519434088.628818
1519434088.728351
1519434088.827884
1519434088.927417
1519434089.026950
1519434089.126482
1519434089.226015
1519434089.325548
1519434089.425081
1519434089.524614
1519434089.624147
1519434089.723679
1519434089.823212
1519434089.922745
1519434090.022278
1519434090.121811
1519434090.221344
1519434090.320876
1519434090.420409
1519434090.519942
1519434090.619475
1519434090.719008
1519434090.818541
1519434090.918073
1519434091.017606
1519434091.117139
1519434091.216672
1519434091.316205
1519434091.415738
1519434091.515270
1519434091.614803
1519434091.714336
1519434091.813869
1519434091.913402
1519434092.012935
1519434092.132374
1519434092.231907
1519434092.331440
1519434092.430972
1519434092.530505
1519434092.630038
1519434092.729571
1519434092.829104
1519434092.928637
1519434093.028168
1519434093.127700
1519434093.227233
1519434093.326766
1519434093.426299
1519434093.525832
1519434093.625365
1519434093.724897
1519434093.824430
1519434093.923963
1519434094.023496
1519434094.123029
1519434094.222562
1519434094.322094
1519434094.421627
1519434094.521160
1519434094.620693
1519434094.720226
1519434094.819758
1519434094.919291
1519434095.018824
1519434095.118357
1519434095.217890
1519434095.317423
1519434095.416956
1519434095.516488
1519434095.616021
1519434095.715554
1519434095.815087
1519434095.914620
1519434096.014153
1519434096.113685
1519434096.213218
1519434096.332658
1519434096.432190
1519434096.531723
1519434096.631256
1519434096.730789
1519434096.830322
1519434096.929855
1519434097.029386
1519434097.128919
1519434097.228452
1519434097.327985
1519434097.427518
1519434097.527051
1519434097.626583
1519434097.726116
1519434097.825649
1519434097.925182
1519434098.024714
1519434098.124247
1519434098.223779
1519434098.323312
1519434098.422845
1519434098.522378
1519434098.621911
1519434098.721444
1519434098.820976
1519434098.920509
1519434099.020042
1519434099.119575
1519434099.219108
1519434099.318641
1519434099.418173
1519434099.517706
1519434099.617239
1519434099.716772
1519434099.816305
1519434099.915838
1519434100.015370
1519434100.114903
1519434100.214436
1519434100.313969
1519434100.413502
1519434100.513035
1519434100.632474
1519434100.732007
1519434100.831540
1519434100.931072
1519434101.030605
1519434101.130138
1519434101.229671
1519434101.329204
1519434101.428737
1519434101.528270
1519434101.627802
1519434101.727335
1519434101.826868
1519434101.926401
1519434102.025933
1519434102.125466
1519434102.224998
1519434102.324531
1519434102.424064
1519434102.523597
1519434102.623130
1519434102.722663
1519434102.822195
1519434102.921728
1519434103.021260
1519434103.120793
1519434103.220326
1519434103.319859
1519434103.419391
1519434103.518924
1519434103.618457
1519434103.717990
1519434103.817523
1519434103.917056
1519434104.016588
1519434104.116121
1519434104.215654
1519434104.315187
1519434104.414720
1519434104.514253
1519434104.613785
1519434104.713318
1519434104.832758
1519434104.932290
1519434105.031823
1519434105.131356
1519434105.230889
1519434105.330422
1519434105.429955
1519434105.529487
1519434105.629020
1519434105.728553
1519434105.828086
1519434105.927619
1519434106.027152
1519434106.126684
1519434106.226217
1519434106.325750
1519434106.425283
1519434106.524816
1519434106.624349
1519434106.723881
1519434106.823414
1519434106.922947
1519434107.022478
1519434107.122011
1519434107.221544
1519434107.321076
1519434107.420609
1519434107.520142
1519434107.619675
1519434107.719208
1519434107.818741
1519434107.918273
1519434108.017806
1519434108.117339
1519434108.216872
1519434108.316405
1519434108.415938
1519434108.515470
1519434108.615003
1519434108.714536
1519434108.814069
1519434108.913602
1519434109.013135
1519434109.132574
1519434109.232107
1519434109.331640
1519434109.431172
1519434109.530705
1519434109.630238
1519434109.729771
1519434109.829304
1519434109.928837
1519434110.028369
1519434110.127902
1519434110.227435
1519434110.326968
1519434110.426501
1519434110.526033
1519434110.625566
1519434110.725099
1519434110.824632
1519434110.924165
1519434111.023698
1519434111.123230
1519434111.222763
1519434111.322296
1519434111.421829
1519434111.521362
1519434111.620895
1519434111.720427
1519434111.819960
1519434111.919493
1519434112.019024
1519434112.118557
1519434112.218089
1519434112.317622
1519434112.417155
1519434112.516688
1519434112.616221
1519434112.715754
1519434112.815286
1519434112.914819
1519434113.014352
1519434113.113885
1519434113.213418
1519434113.312951
1519434113.432390
1519434113.531923
1519434113.631456
1519434113.730988
1519434113.830521
1519434113.930054
1519434114.029587
1519434114.129120
1519434114.228653
1519434114.328185
1519434114.427718
1519434114.527251
1519434114.626784
1519434114.726317
1519434114.825850
1519434114.925382
1519434115.024916
1519434115.124449
1519434115.223982
1519434115.323515
1519434115.423047
1519434115.522580
1519434115.622113
1519434115.721646
1519434115.821179
1519434115.920712
1519434116.020243
1519434116.119776
1519434116.219309
1519434116.318842
1519434116.418375
1519434116.517908
1519434116.617440
1519434116.716973
1519434116.816506
1519434116.916039
1519434117.015570
1519434117.115102
1519434117.214635
1519434117.314168
1519434117.413701
1519434117.513234
1519434117.632673
1519434117.732206
1519434117.831739
1519434117.931272
1519434118.030805
1519434118.130338
1519434118.229871
1519434118.329404
1519434118.428937
1519434118.528470
1519434118.628002
1519434118.727535
1519434118.827068
1519434118.926601
1519434119.026133
1519434119.125666
1519434119.225198
1519434119.324731
1519434119.424264
1519434119.523797
1519434119.623330
1519434119.722863
1519434119.822395
1519434119.921928
1519434120.021462
1519434120.120995
1519434120.220528
1519434120.320060
1519434120.419593
1519434120.519126
1519434120.618659
1519434120.718192
1519434120.817725
1519434120.917257
1519434121.016788
1519434121.116321
1519434121.215854
1519434121.315387
1519434121.414920
1519434121.514452
1519434121.613985
1519434121.713518
1519434121.813051
1519434121.932490
1519434122.032023
1519434122.131556
1519434122.231089
1519434122.330622
1519434122.430154
1519434122.529687
1519434122.629220
1519434122.728753
1519434122.828286
1519434122.927819
1519434123.027351
1519434123.126884
1519434123.226417
1519434123.325950
1519434123.425483
1519434123.525015
1519434123.624548
1519434123.724081
1519434123.823614
1519434123.923147
1519434124.022679
1519434124.122211
1519434124.221744
1519434124.321277
1519434124.420810
1519434124.520343
1519434124.619876
1519434124.719408
1519434124.818941
1519434124.918474
1519434125.018008
1519434125.117541
1519434125.217074
1519434125.316606
1519434125.416139
1519434125.515672
1519434125.615205
1519434125.714738
1519434125.814271
1519434125.913803
1519434126.013334
1519434126.132774
1519434126.232306
1519434126.331839
1519434126.431372
1519434126.530905
1519434126.630438
1519434126.729971
1519434126.829503
1519434126.929036
1519434127.028569
1519434127.128102
1519434127.227635
1519434127.327168
1519434127.426700
1519434127.526233
1519434127.625766
1519434127.725299
1519434127.824832
1519434127.924364
1519434128.023897
1519434128.123430
1519434128.222963
1519434128.322496
1519434128.422029
1519434128.521561
1519434128.621094
1519434128.720627
1519434128.820160
1519434128.919693
1519434129.019226
1519434129.118758
1519434129.218291
1519434129.317824
1519434129.417357
1519434129.516890
1519434129.616423
1519434129.715955
1519434129.815488
1519434129.915021
1519434130.014554
1519434130.114087
1519434130.213620
1519434130.313152
1519434130.432592
1519434130.532125
1519434130.631657
1519434130.731190
1519434130.830723
1519434130.930256
1519434131.029787
1519434131.129320
1519434131.228852
1519434131.328385
1519434131.427918
1519434131.527451
1519434131.626984
1519434131.726517
1519434131.826049
1519434131.925582
1519434132.025115
1519434132.124648
1519434132.224181
1519434132.323713
1519434132.423246
1519434132.522779
1519434132.622312
1519434132.721845
1519434132.821378
1519434132.920910
1519434133.020443
1519434133.119976
1519434133.219509
1519434133.319042
1519434133.418575
1519434133.518107
1519434133.617640
1519434133.717173
1519434133.816706
1519434133.916239
1519434134.015772
1519434134.115304
1519434134.214837
1519434134.314370
1519434134.413903
1519434134.513436
1519434134.612969
1519434134.732408
1519434134.831941
1519434134.931474
1519434135.031005
1519434135.130538
1519434135.230071
1519434135.329604
1519434135.429137
1519434135.528670
1519434135.628202
1519434135.727735
1519434135.827268
1519434135.926801
1519434136.026333
1519434136.125866
1519434136.225398
1519434136.324931
1519434136.424464
1519434136.523997
1519434136.623530
1519434136.723063
1519434136.822595
1519434136.922128
1519434137.021661
1519434137.121194
1519434137.220727
1519434137.320259
1519434137.419792
1519434137.519325
1519434137.618858
1519434137.718391
1519434137.817924
1519434137.917456
1519434138.016989
1519434138.116522
1519434138.216055
1519434138.315588
1519434138.415121
1519434138.514653
1519434138.614186
1519434138.713719
1519434138.813252
1519434138.932691
1519434139.032224
1519434139.131757
1519434139.231290
1519434139.330823
1519434139.430355
1519434139.529888
1519434139.629421
1519434139.728954
1519434139.828487
1519434139.928020
1519434140.027551
1519434140.127084
1519434140.226617
1519434140.326150
1519434140.425683
1519434140.525216
1519434140.624748
1519434140.724281
1519434140.823814
1519434140.923347
1519434141.022879
1519434141.122412
1519434141.221945
1519434141.321477
1519434141.421010
1519434141.520543
1519434141.620076
1519434141.719609
1519434141.819142
1519434141.918674
1519434142.018207
1519434142.117740
1519434142.217273
1519434142.316806
1519434142.416339
1519434142.515871
1519434142.615404
1519434142.714937
1519434142.814470
1519434142.914003
1519434143.013535
1519434143.113067
1519434143.232507
1519434143.332040
1519434143.431572
1519434143.531105
1519434143.630638
1519434143.730171
1519434143.829704
1519434143.929237
1519434144.028770
1519434144.128303
1519434144.227836
1519434144.327369
1519434144.426902
1519434144.526435
1519434144.625967
1519434144.725500
1519434144.825033
1519434144.924566
1519434145.024097
1519434145.123630
1519434145.223162
1519434145.322695
1519434145.422228
1519434145.521761
1519434145.621294
1519434145.720827
1519434145.820359
1519434145.919892
1519434146.019425
1519434146.118958
1519434146.218491
1519434146.318024
1519434146.417556
1519434146.517089
1519434146.616622
1519434146.716155
1519434146.815688
1519434146.915221
1519434147.014753
1519434147.114286
1519434147.213819
1519434147.313352
1519434147.432791
1519434147.532324
1519434147.631857
1519434147.731390
1519434147.830923
1519434147.930455
1519434148.029988
1519434148.129521
1519434148.229054
1519434148.328587
1519434148.428119
1519434148.527652
1519434148.627185
1519434148.726718
1519434148.826251
1519434148.925784
1519434149.025317
1519434149.124849
1519434149.224382
1519434149.323915
1519434149.423448
1519434149.522981
1519434149.622514
1519434149.722046
1519434149.821579
1519434149.921112
1519434150.020643
1519434150.120176
1519434150.219708
1519434150.319241
1519434150.418774
1519434150.518307
1519434150.617840
1519434150.717373
1519434150.816905
1519434150.916438
1519434151.015971
1519434151.115504
1519434151.215037
1519434151.314569
1519434151.414102
1519434151.513635
1519434151.613168
1519434151.732607
1519434151.832140
1519434151.931673
1519434152.031206
1519434152.130739
1519434152.230272
1519434152.329804
1519434152.429337
1519434152.528870
1519434152.628403
1519434152.727936
1519434152.827469
1519434152.927001
1519434153.026534
1519434153.126067
1519434153.225600
1519434153.325133
1519434153.424666
1519434153.524198
1519434153.623731
1519434153.723264
1519434153.822797
1519434153.922330
1519434154.021863
1519434154.121395
1519434154.220928
1519434154.320461
1519434154.419994
1519434154.519527
1519434154.619060
1519434154.718592
1519434154.818125
1519434154.917658
1519434155.017189
1519434155.116722
1519434155.216255
1519434155.315787
1519434155.415320
1519434155.514853
1519434155.614386
1519434155.713919
1519434155.813452
1519434155.912984
1519434156.032424
1519434156.131957
1519434156.231489
1519434156.331022
1519434156.430555
1519434156.530088
1519434156.629621
1519434156.729154
1519434156.828687
1519434156.928219
1519434157.027752
1519434157.127285
1519434157.226818
1519434157.326351
1519434157.425883
1519434157.525416
1519434157.624949
1519434157.724482
1519434157.824015
1519434157.923548
1519434158.023080
1519434158.122613
1519434158.222146
1519434158.321679
1519434158.421212
1519434158.520745
1519434158.620277
1519434158.719810
1519434158.819343
1519434158.918876
1519434159.018408
1519434159.117941
1519434159.217473
1519434159.317006
1519434159.416539
1519434159.516072
1519434159.615605
1519434159.715138
1519434159.814670
1519434159.914203
1519434160.013735
1519434160.113268
1519434160.232707
1519434160.332240
1519434160.431773
1519434160.531306
1519434160.630839
1519434160.730371
1519434160.829904
1519434160.929437
1519434161.028970
1519434161.128503
1519434161.228036
1519434161.327568
1519434161.427101
1519434161.526634
1519434161.626167
1519434161.725700
1519434161.825233
1519434161.924765
1519434162.024298
1519434162.123831
1519434162.223364
1519434162.322897
1519434162.422430
1519434162.521962
1519434162.621495
1519434162.721028
1519434162.820561
1519434162.920094
1519434163.019628
1519434163.119160
1519434163.218693
1519434163.318226
1519434163.417759
1519434163.517292
1519434163.616825
1519434163.716357
1519434163.815890
1519434163.915423
1519434164.014954
1519434164.114487
1519434164.214020
1519434164.313552
1519434164.413085
1519434164.532525
1519434164.632057
1519434164.731590
1519434164.831123
1519434164.930656
1519434165.030189
1519434165.129722
1519434165.229254
1519434165.328787
1519434165.428320
1519434165.527853
1519434165.627386
1519434165.726919
1519434165.826452
1519434165.925984
1519434166.025517
1519434166.125050
1519434166.224583
1519434166.324116
1519434166.423649
1519434166.523181
1519434166.622714
1519434166.722247
1519434166.821780
1519434166.921313
1519434167.020846
1519434167.120378
1519434167.219911
1519434167.319444
1519434167.418977
1519434167.518510
1519434167.618043
1519434167.717575
1519434167.817108
1519434167.916641
1519434168.016174
1519434168.115707
1519434168.215240
1519434168.314772
1519434168.414305
1519434168.513838
1519434168.613371
1519434168.732810
1519434168.832343
1519434168.931876
1519434169.031407
1519434169.130940
1519434169.230472
1519434169.330005
1519434169.429538
1519434169.529071
1519434169.628604
1519434169.728137
1519434169.827669
1519434169.927202
1519434170.026735
1519434170.126268
1519434170.225801
1519434170.325334
1519434170.424866
1519434170.524399
1519434170.623932
1519434170.723465
1519434170.822998
1519434170.922531
1519434171.022063
1519434171.121596
1519434171.221129
1519434171.320662
1519434171.420195
1519434171.519728
1519434171.619260
1519434171.718793
1519434171.818326
1519434171.917859
1519434172.017392
1519434172.116925
1519434172.216458
1519434172.315990
1519434172.415523
1519434172.515056
1519434172.614589
1519434172.714122
1519434172.813654
1519434172.913187
1519434173.032627
1519434173.132160
1519434173.231692
1519434173.331225
1519434173.430758
1519434173.530291
1519434173.629824
1519434173.729356
1519434173.828889
1519434173.928422
1519434174.027953
1519434174.127486
1519434174.227019
1519434174.326551
1519434174.426084
1519434174.525617
1519434174.625150
1519434174.724683
1519434174.824216
1519434174.923748
1519434175.023281
1519434175.122814
1519434175.222347
1519434175.321880
1519434175.421413
1519434175.520945
1519434175.620478
1519434175.720011
1519434175.819544
1519434175.919077
1519434176.018610
1519434176.118143
1519434176.217675
1519434176.317208
1519434176.416741
1519434176.516274
1519434176.615807
1519434176.715340
1519434176.814872
1519434176.914405
1519434177.013938
1519434177.113471
1519434177.213004
1519434177.332443
1519434177.431976
1519434177.531509
1519434177.631042
1519434177.730575
1519434177.830107
1519434177.929640
1519434178.029172
1519434178.128705
1519434178.228238
1519434178.327771
1519434178.427303
1519434178.526836
1519434178.626369
1519434178.725902
1519434178.825435
1519434178.924968
1519434179.024499
1519434179.124032
1519434179.223565
1519434179.323098
1519434179.422631
1519434179.522164
1519434179.621696
1519434179.721229
1519434179.820762
1519434179.920295
1519434180.019828
1519434180.119360
1519434180.218893
1519434180.318426
1519434180.417959
1519434180.517492
1519434180.617025
1519434180.716557
1519434180.816090
1519434180.915623
1519434181.015156
1519434181.114689
1519434181.214221
1519434181.313754
1519434181.413287
1519434181.532727
1519434181.632259
1519434181.731792
1519434181.831325
1519434181.930858
1519434182.030391
1519434182.129924
1519434182.229456
1519434182.328989
1519434182.428522
1519434182.528055
1519434182.627588
1519434182.727121
1519434182.826653
1519434182.926186
1519434183.025718
1519434183.125251
1519434183.224784
1519434183.324317
1519434183.423849
1519434183.523382
1519434183.622915
1519434183.722448
1519434183.821981
1519434183.921514
1519434184.021046
1519434184.120579
1519434184.220112
1519434184.319645
1519434184.419178
1519434184.518711
1519434184.618243
1519434184.717776
1519434184.817309
1519434184.916842
1519434185.016375
1519434185.115908
1519434185.215440
1519434185.314973
1519434185.414506
1519434185.514039
1519434185.613572
1519434185.713105
1519434185.832544
1519434185.932077
1519434186.031610
1519434186.131142
1519434186.230675
1519434186.330208
1519434186.429741
1519434186.529274
1519434186.628807
1519434186.728339
1519434186.827872
1519434186.927405
1519434187.026938
1519434187.126471
1519434187.226004
1519434187.325536
1519434187.425069
1519434187.524602
1519434187.624135
1519434187.723668
1519434187.823201
1519434187.922733
1519434188.022264
1519434188.121797
1519434188.221330
1519434188.320863
1519434188.420396
1519434188.519928
1519434188.619461
1519434188.718994
1519434188.818527
1519434188.918060
1519434189.017593
1519434189.117125
1519434189.216658
1519434189.316191
1519434189.415724
1519434189.515257
1519434189.614790
1519434189.714322
1519434189.813855
1519434189.913388
1519434190.032827
1519434190.132360
1519434190.231893
1519434190.331426
1519434190.430959
1519434190.530492
1519434190.630024
1519434190.729557
1519434190.829090
1519434190.928623
1519434191.028156
1519434191.127689
1519434191.227221
1519434191.326754
1519434191.426287
1519434191.525820
1519434191.625353
1519434191.724886
1519434191.824418
1519434191.923951
1519434192.023484
1519434192.123017
1519434192.222550
1519434192.322083
1519434192.421615
1519434192.521148
1519434192.620681
1519434192.720214
1519434192.819747
1519434192.919280
1519434193.018810
1519434193.118343
1519434193.217876
1519434193.317409
1519434193.416942
1519434193.516475
1519434193.616007
1519434193.715540
1519434193.815073
1519434193.914606
1519434194.014139
1519434194.113672
1519434194.213204
1519434194.332644
1519434194.432177
1519434194.531710
1519434194.631242
1519434194.730775
1519434194.830308
1519434194.929841
1519434195.029374
1519434195.128907
1519434195.228439
1519434195.327972
1519434195.427505
1519434195.527038
1519434195.626571
1519434195.726104
1519434195.825636
1519434195.925169
1519434196.024703
1519434196.124236
1519434196.223769
1519434196.323302
1519434196.422834
1519434196.522367
1519434196.621900
1519434196.721433
1519434196.820966
1519434196.920499
1519434197.020030
1519434197.119563
1519434197.219096
1519434197.318629
1519434197.418162
1519434197.517695
1519434197.617227
1519434197.716760
1519434197.816293
1519434197.915826
1519434198.015358
1519434198.114891
1519434198.214423
1519434198.313956
1519434198.413489
1519434198.513022
1519434198.632461
1519434198.731994
1519434198.831527
1519434198.931060
1519434199.030593
1519434199.130125
1519434199.229658
1519434199.329191
1519434199.428724
1519434199.528257
1519434199.627790
1519434199.727322
1519434199.826855
1519434199.926388
1519434200.025920
1519434200.125453
1519434200.224986
1519434200.324519
1519434200.424051
1519434200.523584
1519434200.623117
1519434200.722650
1519434200.822183
1519434200.921716
1519434201.021249
1519434201.120782
1519434201.220315
1519434201.319848
1519434201.419381
1519434201.518914
1519434201.618446
1519434201.717979
1519434201.817512
1519434201.917045
1519434202.016577
1519434202.116110
1519434202.215642
1519434202.315175
1519434202.414708
1519434202.514241
1519434202.613774
1519434202.713307
1519434202.832746
1519434202.932279
1519434203.031811
1519434203.131343
1519434203.230876
1519434203.330409
1519434203.429942
1519434203.529475
1519434203.629008
1519434203.728540
1519434203.828073
1519434203.927606
1519434204.027139
1519434204.126672
1519434204.226205
1519434204.325737
1519434204.425270
1519434204.524803
1519434204.624336
1519434204.723869
1519434204.823402
1519434204.922934
1519434205.022467
1519434205.122000
1519434205.221533
1519434205.321066
1519434205.420599
1519434205.520132
1519434205.619664
1519434205.719197
1519434205.818730
1519434205.918263
1519434206.017796
1519434206.117329
1519434206.216861
1519434206.316394
1519434206.415927
1519434206.515460
1519434206.614993
1519434206.714526
1519434206.814058
1519434206.913591
1519434207.013122
1519434207.132561
1519434207.232094
1519434207.331627
1519434207.431160
1519434207.530693
1519434207.630226
1519434207.729758
1519434207.829291
1519434207.928824
1519434208.028357
1519434208.127890
1519434208.227423
1519434208.326955
1519434208.426488
1519434208.526021
1519434208.625554
1519434208.725087
1519434208.824620
1519434208.924153
1519434209.023685
1519434209.123218
1519434209.222751
1519434209.322284
1519434209.421817
1519434209.521350
1519434209.620882
1519434209.720415
1519434209.819948
1519434209.919481
1519434210.019014
1519434210.118547
1519434210.218079
1519434210.317612
1519434210.417145
1519434210.516678
1519434210.616211
1519434210.715744
1519434210.815276
1519434210.914809
1519434211.014342
1519434211.113875
1519434211.213408
1519434211.312941
1519434211.432380
1519434211.531913
1519434211.631446
1519434211.730979
1519434211.830511
1519434211.930044
1519434212.029575
1519434212.129108
1519434212.228641
1519434212.328174
1519434212.427706
1519434212.527239
1519434212.626772
1519434212.726305
1519434212.825838
1519434212.925371
1519434213.024903
1519434213.124436
1519434213.223969
1519434213.323502
1519434213.423035
1519434213.522568
1519434213.622100
1519434213.721633
1519434213.821166
1519434213.920699
1519434214.020232
1519434214.119765
1519434214.219297
1519434214.318830
