1519434077.600000
1519434077.700000
1519434077.800000
1519434077.900000
1519434078.000000
1519434078.100000
1519434078.200000
1519434078.300000
1519434078.400000
1519434078.500000
1519434078.600000
1519434078.700000
1519434078.800000
1519434078.900000
1519434079.000000
1519434079.100000
1519434079.200000
1519434079.350000
1519434079.450000
1519434079.550000
1519434079.650000
1519434079.750000
1519434079.850000
1519434079.950000
1519434080.050000
1519434080.150000
1519434080.250000
1519434080.350000
1519434080.450000
1519434080.550000
1519434080.650000
1519434080.750000
1519434080.850000
1519434080.900000
1519434081.000000
1519434081.100000
1519434081.200000
1519434081.300000
1519434081.400000
1519434081.500000
1519434081.600000
1519434081.700000
1519434081.800000
1519434081.900000
1519434082.000000
1519434082.100000
1519434082.200000
1519434082.300000
1519434082.400000
1519434082.500000
1519434082.600000
1519434082.700000
1519434082.800000
1519434082.900000
1519434083.000000
1519434083.100000
1519434083.200000
1519434083.300000
1519434083.400000
1519434083.550000
1519434083.650000
1519434083.750000
1519434083.850000
1519434083.950000
1519434084.050000
1519434084.150000
1519434084.250000
1519434084.350000
1519434084.450000
1519434084.550000
1519434084.650000
1519434084.750000
1519434084.850000
1519434084.950000
1519434085.050000
1519434085.150000
1519434085.200000
1519434085.300000
1519434085.400000
1519434085.500000
1519434085.600000
1519434085.700000
1519434085.800000
1519434085.900000
1519434086.000000
1519434086.100000
1519434086.200000
1519434086.300000
1519434086.400000
1519434086.500000
1519434086.600000
1519434086.700000
1519434086.800000
1519434086.900000
1519434087.000000
1519434087.100000
1519434087.200000
1519434087.300000
1519434087.400000
1519434087.500000
1519434087.600000
1519434087.700000
1519434087.850000
1519434087.950000
1519434088.050000
1519434088.150000
1519434088.250000
1519434088.350000
1519434088.450000
1519434088.550000
1519434088.650000
1519434088.750000
1519434088.850000
1519434088.950000
1519434089.050000
1519434089.150000
1519434089.250000
1519434089.350000
1519434089.450000
1519434089.500000
1519434089.600000
1519434089.700000
1519434089.800000
1519434089.900000
1519434090.000000
1519434090.100000
1519434090.200000
1519434090.300000
1519434090.400000
1519434090.500000
1519434090.600000
1519434090.700000
1519434090.800000
1519434090.900000
1519434091.000000
1519434091.100000
1519434091.200000
1519434091.300000
1519434091.400000
1519434091.500000
1519434091.600000
1519434091.700000
1519434091.800000
1519434091.900000
1519434092.000000
1519434092.150000
1519434092.250000
1519434092.350000
1519434092.450000
1519434092.550000
1519434092.650000
1519434092.750000
1519434092.850000
1519434092.950000
1519434093.050000
1519434093.150000
1519434093.250000
1519434093.350000
1519434093.450000
1519434093.550000
1519434093.650000
1519434093.700000
1519434093.800000
1519434093.900000
1519434094.000000
1519434094.100000
1519434094.200000
1519434094.300000
1519434094.400000
1519434094.500000
1519434094.600000
1519434094.700000
1519434094.800000
1519434094.900000
1519434095.000000
1519434095.100000
1519434095.200000
1519434095.300000
1519434095.400000
1519434095.500000
1519434095.600000
1519434095.700000
1519434095.800000
1519434095.900000
1519434096.000000
1519434096.100000
1519434096.200000
1519434096.350000
1519434096.450000
1519434096.550000
1519434096.650000
1519434096.750000
1519434096.850000
1519434096.950000
1519434097.050000
1519434097.150000
1519434097.250000
1519434097.350000
1519434097.450000
1519434097.550000
1519434097.650000
1519434097.750000
1519434097.850000
1519434097.950000
1519434098.000000
1519434098.100000
1519434098.200000
1519434098.300000
1519434098.400000
1519434098.500000
1519434098.600000
1519434098.700000
1519434098.800000
1519434098.900000
1519434099.000000
1519434099.100000
1519434099.200000
1519434099.300000
1519434099.400000
1519434099.500000
1519434099.600000
1519434099.700000
1519434099.800000
1519434099.900000
1519434100.000000
1519434100.100000
1519434100.200000
1519434100.300000
1519434100.400000
1519434100.500000
1519434100.650000
1519434100.750000
1519434100.850000
1519434100.950000
1519434101.050000
1519434101.150000
1519434101.250000
1519434101.350000
1519434101.450000
1519434101.550000
1519434101.650000
1519434101.750000
1519434101.850000
1519434101.950000
1519434102.050000
1519434102.150000
1519434102.200000
1519434102.300000
1519434102.400000
1519434102.500000
1519434102.600000
1519434102.700000
1519434102.800000
1519434102.900000
1519434103.000000
1519434103.100000
1519434103.200000
1519434103.300000
1519434103.400000
1519434103.500000
1519434103.600000
1519434103.700000
1519434103.800000
1519434103.900000
1519434104.000000
1519434104.100000
1519434104.200000
1519434104.300000
1519434104.400000
1519434104.500000
1519434104.600000
1519434104.700000
1519434104.850000
1519434104.950000
1519434105.050000
1519434105.150000
1519434105.250000
1519434105.350000
1519434105.450000
1519434105.550000
1519434105.650000
1519434105.750000
1519434105.850000
1519434105.950000
1519434106.050000
1519434106.150000
1519434106.250000
1519434106.350000
1519434106.450000
1519434106.500000
1519434106.600000
1519434106.700000
1519434106.800000
1519434106.900000
1519434107.000000
1519434107.100000
1519434107.200000
1519434107.300000
1519434107.400000
1519434107.500000
1519434107.600000
1519434107.700000
1519434107.800000
1519434107.900000
1519434108.000000
1519434108.100000
1519434108.200000
1519434108.300000
1519434108.400000
1519434108.500000
1519434108.600000
1519434108.700000
1519434108.800000
1519434108.900000
1519434109.000000
1519434109.150000
1519434109.250000
1519434109.350000
1519434109.450000
1519434109.550000
1519434109.650000
1519434109.750000
1519434109.850000
1519434109.950000
1519434110.050000
1519434110.150000
1519434110.250000
1519434110.350000
1519434110.450000
1519434110.550000
1519434110.650000
1519434110.750000
1519434110.800000
1519434110.900000
1519434111.000000
1519434111.100000
1519434111.200000
1519434111.300000
1519434111.400000
1519434111.500000
1519434111.600000
1519434111.700000
1519434111.800000
1519434111.900000
1519434112.000000
1519434112.100000
1519434112.200000
1519434112.300000
1519434112.400000
1519434112.500000
1519434112.600000
1519434112.700000
1519434112.800000
1519434112.900000
1519434113.000000
1519434113.100000
1519434113.200000
1519434113.300000
1519434113.450000
1519434113.550000
1519434113.650000
1519434113.750000
1519434113.850000
1519434113.950000
1519434114.050000
1519434114.150000
1519434114.250000
1519434114.350000
1519434114.450000
1519434114.550000
1519434114.650000
1519434114.750000
1519434114.850000
1519434114.950000
1519434115.000000
1519434115.100000
1519434115.200000
1519434115.300000
1519434115.400000
1519434115.500000
1519434115.600000
1519434115.700000
1519434115.800000
1519434115.900000
1519434116.000000
1519434116.100000
1519434116.200000
1519434116.300000
1519434116.400000
1519434116.500000
1519434116.600000
1519434116.700000
1519434116.800000
1519434116.900000
1519434117.000000
1519434117.100000
1519434117.200000
1519434117.300000
1519434117.400000
1519434117.500000
1519434117.650000
1519434117.750000
1519434117.850000
1519434117.950000
1519434118.050000
1519434118.150000
1519434118.250000
1519434118.350000
1519434118.450000
1519434118.550000
1519434118.650000
1519434118.750000
1519434118.850000
1519434118.950000
1519434119.050000
1519434119.150000
1519434119.250000
1519434119.300000
1519434119.400000
1519434119.500000
1519434119.600000
1519434119.700000
1519434119.800000
1519434119.900000
1519434120.000000
1519434120.100000
1519434120.200000
1519434120.300000
1519434120.400000
1519434120.500000
1519434120.600000
1519434120.700000
1519434120.800000
1519434120.900000
1519434121.000000
1519434121.100000
1519434121.200000
1519434121.300000
1519434121.400000
1519434121.500000
1519434121.600000
1519434121.700000
1519434121.800000
1519434121.950000
1519434122.050000
1519434122.150000
1519434122.250000
1519434122.350000
1519434122.450000
1519434122.550000
1519434122.650000
1519434122.750000
1519434122.850000
1519434122.950000
1519434123.050000
1519434123.150000
1519434123.250000
1519434123.350000
1519434123.450000
1519434123.550000
1519434123.600000
1519434123.700000
1519434123.800000
1519434123.900000
1519434124.000000
1519434124.100000
1519434124.200000
1519434124.300000
1519434124.400000
1519434124.500000
1519434124.600000
1519434124.700000
1519434124.800000
1519434124.900000
1519434125.000000
1519434125.100000
1519434125.200000
1519434125.300000
1519434125.400000
1519434125.500000
1519434125.600000
1519434125.700000
1519434125.800000
1519434125.900000
1519434126.000000
1519434126.150000
1519434126.250000
1519434126.350000
1519434126.450000
1519434126.550000
1519434126.650000
1519434126.750000
1519434126.850000
1519434126.950000
1519434127.050000
1519434127.150000
1519434127.250000
1519434127.350000
1519434127.450000
1519434127.550000
1519434127.650000
1519434127.750000
1519434127.800000
1519434127.900000
1519434128.000000
1519434128.100000
1519434128.200000
1519434128.300000
1519434128.400000
1519434128.500000
1519434128.600000
1519434128.700000
1519434128.800000
1519434128.900000
1519434129.000000
1519434129.100000
1519434129.200000
1519434129.300000
1519434129.400000
1519434129.500000
1519434129.600000
1519434129.700000
1519434129.800000
1519434129.900000
1519434130.000000
1519434130.100000
1519434130.200000
1519434130.300000
1519434130.450000
1519434130.550000
1519434130.650000
1519434130.750000
1519434130.850000
1519434130.950000
1519434131.050000
1519434131.150000
1519434131.250000
1519434131.350000
1519434131.450000
1519434131.550000
1519434131.650000
1519434131.750000
1519434131.850000
1519434131.950000
1519434132.050000
1519434132.100000
1519434132.200000
1519434132.300000
1519434132.400000
1519434132.500000
1519434132.600000
1519434132.700000
1519434132.800000
1519434132.900000
1519434133.000000
1519434133.100000
1519434133.200000
1519434133.300000
1519434133.400000
1519434133.500000
1519434133.600000
1519434133.700000
1519434133.800000
1519434133.900000
1519434134.000000
1519434134.100000
1519434134.200000
1519434134.300000
1519434134.400000
1519434134.500000
1519434134.600000
1519434134.750000
1519434134.850000
1519434134.950000
1519434135.050000
1519434135.150000
1519434135.250000
1519434135.350000
1519434135.450000
1519434135.550000
1519434135.650000
1519434135.750000
1519434135.850000
1519434135.950000
1519434136.050000
1519434136.150000
1519434136.250000
1519434136.300000
1519434136.400000
1519434136.500000
1519434136.600000
1519434136.700000
1519434136.800000
1519434136.900000
1519434137.000000
1519434137.100000
1519434137.200000
1519434137.300000
1519434137.400000
1519434137.500000
1519434137.600000
1519434137.700000
1519434137.800000
1519434137.900000
1519434138.000000
1519434138.100000
1519434138.200000
1519434138.300000
1519434138.400000
1519434138.500000
1519434138.600000
1519434138.700000
1519434138.800000
1519434138.950000
1519434139.050000
1519434139.150000
1519434139.250000
1519434139.350000
1519434139.450000
1519434139.550000
1519434139.650000
1519434139.750000
1519434139.850000
1519434139.950000
1519434140.050000
1519434140.150000
1519434140.250000
1519434140.350000
1519434140.450000
1519434140.550000
1519434140.600000
1519434140.700000
1519434140.800000
1519434140.900000
1519434141.000000
1519434141.100000
1519434141.200000
1519434141.300000
1519434141.400000
1519434141.500000
1519434141.600000
1519434141.700000
1519434141.800000
1519434141.900000
1519434142.000000
1519434142.100000
1519434142.200000
1519434142.300000
1519434142.400000
1519434142.500000
1519434142.600000
1519434142.700000
1519434142.800000
1519434142.900000
1519434143.000000
1519434143.100000
1519434143.250000
1519434143.350000
1519434143.450000
1519434143.550000
1519434143.650000
1519434143.750000
1519434143.850000
1519434143.950000
1519434144.050000
1519434144.150000
1519434144.250000
1519434144.350000
1519434144.450000
1519434144.550000
1519434144.650000
1519434144.750000
1519434144.850000
1519434144.900000
1519434145.000000
1519434145.100000
1519434145.200000
1519434145.300000
1519434145.400000
1519434145.500000
1519434145.600000
1519434145.700000
1519434145.800000
1519434145.900000
1519434146.000000
1519434146.100000
1519434146.200000
1519434146.300000
1519434146.400000
1519434146.500000
1519434146.600000
1519434146.700000
1519434146.800000
1519434146.900000
1519434147.000000
1519434147.100000
1519434147.200000
1519434147.300000
1519434147.450000
1519434147.550000
1519434147.650000
1519434147.750000
1519434147.850000
1519434147.950000
1519434148.050000
1519434148.150000
1519434148.250000
1519434148.350000
1519434148.450000
1519434148.550000
1519434148.650000
1519434148.750000
1519434148.850000
1519434148.950000
1519434149.050000
1519434149.100000
1519434149.200000
1519434149.300000
1519434149.400000
1519434149.500000
1519434149.600000
1519434149.700000
1519434149.800000
1519434149.900000
1519434150.000000
1519434150.100000
1519434150.200000
1519434150.300000
1519434150.400000
1519434150.500000
1519434150.600000
1519434150.700000
1519434150.800000
1519434150.900000
1519434151.000000
1519434151.100000
1519434151.200000
1519434151.300000
1519434151.400000
1519434151.500000
1519434151.600000
1519434151.750000
1519434151.850000
1519434151.950000
1519434152.050000
1519434152.150000
1519434152.250000
1519434152.350000
1519434152.450000
1519434152.550000
1519434152.650000
1519434152.750000
1519434152.850000
1519434152.950000
1519434153.050000
1519434153.150000
1519434153.250000
1519434153.350000
1519434153.400000
1519434153.500000
1519434153.600000
1519434153.700000
1519434153.800000
1519434153.900000
1519434154.000000
1519434154.100000
1519434154.200000
1519434154.300000
1519434154.400000
1519434154.500000
1519434154.600000
1519434154.700000
1519434154.800000
1519434154.900000
1519434155.000000
1519434155.100000
1519434155.200000
1519434155.300000
1519434155.400000
1519434155.500000
1519434155.600000
1519434155.700000
1519434155.800000
1519434155.900000
1519434156.050000
1519434156.150000
1519434156.250000
1519434156.350000
1519434156.450000
1519434156.550000
1519434156.650000
1519434156.750000
1519434156.850000
1519434156.950000
1519434157.050000
1519434157.150000
1519434157.250000
1519434157.350000
1519434157.450000
1519434157.550000
1519434157.600000
1519434157.700000
1519434157.800000
1519434157.900000
1519434158.000000
1519434158.100000
1519434158.200000
1519434158.300000
1519434158.400000
1519434158.500000
1519434158.600000
1519434158.700000
1519434158.800000
1519434158.900000
1519434159.000000
1519434159.100000
1519434159.200000
1519434159.300000
1519434159.400000
1519434159.500000
1519434159.600000
1519434159.700000
1519434159.800000
1519434159.900000
1519434160.000000
1519434160.100000
1519434160.250000
1519434160.350000
1519434160.450000
1519434160.550000
1519434160.650000
1519434160.750000
1519434160.850000
1519434160.950000
1519434161.050000
1519434161.150000
1519434161.250000
1519434161.350000
1519434161.450000
1519434161.550000
1519434161.650000
1519434161.750000
1519434161.850000
1519434161.900000
1519434162.000000
1519434162.100000
1519434162.200000
1519434162.300000
1519434162.400000
1519434162.500000
1519434162.600000
1519434162.700000
1519434162.800000
1519434162.900000
1519434163.000000
1519434163.100000
1519434163.200000
1519434163.300000
1519434163.400000
1519434163.500000
1519434163.600000
1519434163.700000
1519434163.800000
1519434163.900000
1519434164.000000
1519434164.100000
1519434164.200000
1519434164.300000
1519434164.400000
1519434164.550000
1519434164.650000
1519434164.750000
1519434164.850000
1519434164.950000
1519434165.050000
1519434165.150000
1519434165.250000
1519434165.350000
1519434165.450000
1519434165.550000
1519434165.650000
1519434165.750000
1519434165.850000
1519434165.950000
1519434166.050000
1519434166.150000
1519434166.200000
1519434166.300000
1519434166.400000
1519434166.500000
1519434166.600000
1519434166.700000
1519434166.800000
1519434166.900000
1519434167.000000
1519434167.100000
1519434167.200000
1519434167.300000
1519434167.400000
1519434167.500000
1519434167.600000
1519434167.700000
1519434167.800000
1519434167.900000
1519434168.000000
1519434168.100000
1519434168.200000
1519434168.300000
1519434168.400000
1519434168.500000
1519434168.600000
1519434168.750000
1519434168.850000
1519434168.950000
1519434169.050000
1519434169.150000
1519434169.250000
1519434169.350000
1519434169.450000
1519434169.550000
1519434169.650000
1519434169.750000
1519434169.850000
1519434169.950000
1519434170.050000
1519434170.150000
1519434170.250000
1519434170.350000
1519434170.400000
1519434170.500000
1519434170.600000
1519434170.700000
1519434170.800000
1519434170.900000
1519434171.000000
1519434171.100000
1519434171.200000
1519434171.300000
1519434171.400000
1519434171.500000
1519434171.600000
1519434171.700000
1519434171.800000
1519434171.900000
1519434172.000000
1519434172.100000
1519434172.200000
1519434172.300000
1519434172.400000
1519434172.500000
1519434172.600000
1519434172.700000
1519434172.800000
1519434172.900000
1519434173.050000
1519434173.150000
1519434173.250000
1519434173.350000
1519434173.450000
1519434173.550000
1519434173.650000
1519434173.750000
1519434173.850000
1519434173.950000
1519434174.050000
1519434174.150000
1519434174.250000
1519434174.350000
1519434174.450000
1519434174.550000
1519434174.650000
1519434174.700000
1519434174.800000
1519434174.900000
1519434175.000000
1519434175.100000
1519434175.200000
1519434175.300000
1519434175.400000
1519434175.500000
1519434175.600000
1519434175.700000
1519434175.800000
1519434175.900000
1519434176.000000
1519434176.100000
1519434176.200000
1519434176.300000
1519434176.400000
1519434176.500000
1519434176.600000
1519434176.700000
1519434176.800000
1519434176.900000
1519434177.000000
1519434177.100000
1519434177.200000
1519434177.350000
1519434177.450000
1519434177.550000
1519434177.650000
1519434177.750000
1519434177.850000
1519434177.950000
1519434178.050000
1519434178.150000
1519434178.250000
1519434178.350000
1519434178.450000
1519434178.550000
1519434178.650000
1519434178.750000
1519434178.850000
1519434178.900000
1519434179.000000
1519434179.100000
1519434179.200000
1519434179.300000
1519434179.400000
1519434179.500000
1519434179.600000
1519434179.700000
1519434179.800000
1519434179.900000
1519434180.000000
1519434180.100000
1519434180.200000
1519434180.300000
1519434180.400000
1519434180.500000
1519434180.600000
1519434180.700000
1519434180.800000
1519434180.900000
1519434181.000000
1519434181.100000
1519434181.200000
1519434181.300000
1519434181.400000
1519434181.550000
1519434181.650000
1519434181.750000
1519434181.850000
1519434181.950000
1519434182.050000
1519434182.150000
1519434182.250000
1519434182.350000
1519434182.450000
1519434182.550000
1519434182.650000
1519434182.750000
1519434182.850000
1519434182.950000
1519434183.050000
1519434183.150000
1519434183.200000
1519434183.300000
1519434183.400000
1519434183.500000
1519434183.600000
1519434183.700000
1519434183.800000
1519434183.900000
1519434184.000000
1519434184.100000
1519434184.200000
1519434184.300000
1519434184.400000
1519434184.500000
1519434184.600000
1519434184.700000
1519434184.800000
1519434184.900000
1519434185.000000
1519434185.100000
1519434185.200000
1519434185.300000
1519434185.400000
1519434185.500000
1519434185.600000
1519434185.700000
1519434185.850000
1519434185.950000
1519434186.050000
1519434186.150000
1519434186.250000
1519434186.350000
1519434186.450000
1519434186.550000
1519434186.650000
1519434186.750000
1519434186.850000
1519434186.950000
1519434187.050000
1519434187.150000
1519434187.250000
1519434187.350000
1519434187.450000
1519434187.500000
1519434187.600000
1519434187.700000
1519434187.800000
1519434187.900000
1519434188.000000
1519434188.100000
1519434188.200000
1519434188.300000
1519434188.400000
1519434188.500000
1519434188.600000
1519434188.700000
1519434188.800000
1519434188.900000
1519434189.000000
1519434189.100000
1519434189.200000
1519434189.300000
1519434189.400000
1519434189.500000
1519434189.600000
1519434189.700000
1519434189.800000
1519434189.900000
1519434190.050000
1519434190.150000
1519434190.250000
1519434190.350000
1519434190.450000
1519434190.550000
1519434190.650000
1519434190.750000
1519434190.850000
1519434190.950000
1519434191.050000
1519434191.150000
1519434191.250000
1519434191.350000
1519434191.450000
1519434191.550000
1519434191.650000
1519434191.700000
1519434191.800000
1519434191.900000
1519434192.000000
1519434192.100000
1519434192.200000
1519434192.300000
1519434192.400000
1519434192.500000
1519434192.600000
1519434192.700000
1519434192.800000
1519434192.900000
1519434193.000000
1519434193.100000
1519434193.200000
1519434193.300000
1519434193.400000
1519434193.500000
1519434193.600000
1519434193.700000
1519434193.800000
1519434193.900000
1519434194.000000
1519434194.100000
1519434194.200000
1519434194.350000
1519434194.450000
1519434194.550000
1519434194.650000
1519434194.750000
1519434194.850000
1519434194.950000
1519434195.050000
1519434195.150000
1519434195.250000
1519434195.350000
1519434195.450000
1519434195.550000
1519434195.650000
1519434195.750000
1519434195.850000
1519434195.950000
1519434196.000000
1519434196.100000
1519434196.200000
1519434196.300000
1519434196.400000
1519434196.500000
1519434196.600000
1519434196.700000
1519434196.800000
1519434196.900000
1519434197.000000
1519434197.100000
1519434197.200000
1519434197.300000
1519434197.400000
1519434197.500000
1519434197.600000
1519434197.700000
1519434197.800000
1519434197.900000
1519434198.000000
1519434198.100000
1519434198.200000
1519434198.300000
1519434198.400000
1519434198.500000
1519434198.650000
1519434198.750000
1519434198.850000
1519434198.950000
1519434199.050000
1519434199.150000
1519434199.250000
1519434199.350000
1519434199.450000
1519434199.550000
1519434199.650000
1519434199.750000
1519434199.850000
1519434199.950000
1519434200.050000
1519434200.150000
1519434200.200000
1519434200.300000
1519434200.400000
1519434200.500000
1519434200.600000
1519434200.700000
1519434200.800000
1519434200.900000
1519434201.000000
1519434201.100000
1519434201.200000
1519434201.300000
1519434201.400000
1519434201.500000
1519434201.600000
1519434201.700000
1519434201.800000
1519434201.900000
1519434202.000000
1519434202.100000
1519434202.200000
1519434202.300000
1519434202.400000
1519434202.500000
1519434202.600000
1519434202.700000
1519434202.850000
1519434202.950000
1519434203.050000
1519434203.150000
1519434203.250000
1519434203.350000
1519434203.450000
1519434203.550000
1519434203.650000
1519434203.750000
1519434203.850000
1519434203.950000
1519434204.050000
1519434204.150000
1519434204.250000
1519434204.350000
1519434204.450000
1519434204.500000
1519434204.600000
1519434204.700000
1519434204.800000
1519434204.900000
1519434205.000000
1519434205.100000
1519434205.200000
1519434205.300000
1519434205.400000
1519434205.500000
1519434205.600000
1519434205.700000
1519434205.800000
1519434205.900000
1519434206.000000
1519434206.100000
1519434206.200000
1519434206.300000
1519434206.400000
1519434206.500000
1519434206.600000
1519434206.700000
1519434206.800000
1519434206.900000
1519434207.000000
1519434207.150000
1519434207.250000
1519434207.350000
1519434207.450000
1519434207.550000
1519434207.650000
1519434207.750000
1519434207.850000
1519434207.950000
1519434208.050000
1519434208.150000
1519434208.250000
1519434208.350000
1519434208.450000
1519434208.550000
1519434208.650000
1519434208.750000
1519434208.800000
1519434208.900000
1519434209.000000
1519434209.100000
1519434209.200000
1519434209.300000
1519434209.400000
1519434209.500000
1519434209.600000
1519434209.700000
1519434209.800000
1519434209.900000
1519434210.000000
1519434210.100000
1519434210.200000
1519434210.300000
1519434210.400000
1519434210.500000
1519434210.600000
1519434210.700000
1519434210.800000
1519434210.900000
1519434211.000000
1519434211.100000
1519434211.200000
1519434211.300000
1519434211.450000
1519434211.550000
1519434211.650000
1519434211.750000
1519434211.850000
1519434211.950000
1519434212.050000
1519434212.150000
1519434212.250000
1519434212.350000
1519434212.450000
1519434212.550000
1519434212.650000
1519434212.750000
1519434212.850000
1519434212.950000
1519434213.000000
1519434213.100000
1519434213.200000
1519434213.300000
1519434213.400000
1519434213.500000
1519434213.600000
1519434213.700000
1519434213.800000
1519434213.900000
1519434214.000000
1519434214.100000
1519434214.200000
1519434214.300000
