1519422522.000000
1519422522.133333
1519422522.200000
1519422522.333333
1519422522.400000
1519422522.533333
1519422522.600000
1519422522.733333
1519422522.800000
1519422522.933333
1519422523.000000
1519422523.133333
1519422523.200000
1519422523.333333
1519422523.400000
1519422523.533333
1519422523.600000
1519422523.733333
1519422523.800000
1519422523.933333
1519422524.000000
1519422524.133333
1519422524.200000
1519422524.333333
1519422524.400000
1519422524.533333
1519422524.600000
1519422524.733333
1519422524.800000
1519422524.933333
1519422525.000000
1519422525.133333
1519422525.200000
1519422525.333333
1519422525.400000
1519422525.533333
1519422525.600000
1519422525.733333
1519422525.800000
1519422525.933333
1519422526.000000
1519422526.133333
1519422526.200000
1519422526.333333
1519422526.400000
1519422526.533333
1519422526.600000
1519422526.733333
1519422526.800000
1519422526.933333
1519422527.000000
1519422527.133333
1519422527.200000
1519422527.333333
1519422527.400000
1519422527.533333
1519422527.600000
1519422527.733333
1519422527.800000
1519422527.933333
1519422528.000000
1519422528.133333
1519422528.200000
1519422528.333333
1519422528.400000
1519422528.533333
1519422528.600000
1519422528.733333
1519422528.800000
1519422528.933333
1519422529.000000
1519422529.133333
1519422529.200000
1519422529.333333
1519422529.400000
1519422529.533333
1519422529.600000
1519422529.733333
1519422529.800000
1519422529.933333
1519422530.000000
1519422530.133333
1519422530.200000
1519422530.333333
1519422530.400000
1519422530.533333
1519422530.600000
1519422530.733333
1519422530.800000
1519422530.933333
1519422531.000000
1519422531.133333
1519422531.200000
1519422531.333333
1519422531.400000
1519422531.533333
1519422531.600000
1519422531.733333
1519422531.800000
1519422531.933333
1519422532.000000
1519422532.133333
1519422532.200000
1519422532.333333
1519422532.400000
1519422532.533333
1519422532.600000
1519422532.733333
1519422532.800000
1519422532.933333
1519422533.000000
1519422533.133333
1519422533.200000
1519422533.333333
1519422533.400000
1519422533.533333
1519422533.600000
1519422533.733333
1519422533.800000
1519422533.933333
1519422534.000000
1519422534.133333
1519422534.200000
1519422534.333333
1519422534.400000
1519422534.533333
1519422534.600000
1519422534.733333
1519422534.800000
1519422534.933333
1519422535.000000
1519422535.133333
1519422535.200000
1519422535.333333
1519422535.400000
1519422535.533333
1519422535.600000
1519422535.733333
1519422535.800000
1519422535.933333
1519422536.000000
1519422536.133333
1519422536.200000
1519422536.333333
1519422536.400000
1519422536.533333
1519422536.600000
1519422536.733333
1519422536.800000
1519422536.933333
1519422537.000000
1519422537.133333
1519422537.200000
1519422537.333333
1519422537.400000
1519422537.533333
1519422537.600000
1519422537.733333
1519422537.800000
1519422537.933333
1519422538.000000
1519422538.133333
1519422538.200000
1519422538.333333
1519422538.400000
1519422538.533333
1519422538.600000
1519422538.733333
1519422538.800000
1519422538.933333
1519422539.000000
1519422539.133333
1519422539.200000
1519422539.333333
1519422539.400000
1519422539.533333
1519422539.600000
1519422539.733333
1519422539.800000
1519422539.933333
1519422540.000000
1519422540.133333
1519422540.200000
1519422540.333333
1519422540.400000
1519422540.533333
1519422540.600000
1519422540.733333
1519422540.800000
1519422540.933333
1519422541.000000
1519422541.133333
1519422541.200000
1519422541.333333
1519422541.400000
1519422541.533333
1519422541.600000
1519422541.733333
1519422541.800000
1519422541.933333
1519422542.000000
1519422542.133333
1519422542.200000
1519422542.333333
1519422542.400000
1519422542.533333
1519422542.600000
1519422542.733333
1519422542.800000
1519422542.933333
1519422543.000000
1519422543.133333
1519422543.200000
1519422543.333333
1519422543.400000
1519422543.533333
1519422543.600000
1519422543.733333
1519422543.800000
1519422543.933333
1519422544.000000
1519422544.133333
1519422544.200000
1519422544.333333
1519422544.400000
1519422544.533333
1519422544.600000
1519422544.733333
1519422544.800000
1519422544.933333
1519422545.000000
1519422545.133333
1519422545.200000
1519422545.333333
1519422545.400000
1519422545.533333
1519422545.600000
1519422545.733333
1519422545.800000
1519422545.933333
1519422546.000000
1519422546.133333
1519422546.200000
1519422546.333333
1519422546.400000
1519422546.533333
1519422546.600000
1519422546.733333
1519422546.800000
1519422546.933333
1519422547.000000
1519422547.133333
1519422547.200000
1519422547.333333
1519422547.400000
1519422547.533333
1519422547.600000
1519422547.733333
1519422547.800000
1519422547.933333
1519422548.000000
1519422548.133333
1519422548.200000
1519422548.333333
1519422548.400000
1519422548.533333
1519422548.600000
1519422548.733333
1519422548.800000
1519422548.933333
1519422549.000000
1519422549.133333
1519422549.200000
1519422549.333333
1519422549.400000
1519422549.533333
1519422549.600000
1519422549.733333
1519422549.800000
1519422549.933333
1519422550.000000
1519422550.133333
1519422550.200000
1519422550.333333
1519422550.400000
1519422550.533333
1519422550.600000
1519422550.733333
1519422550.800000
1519422550.933333
1519422551.000000
1519422551.133333
1519422551.200000
1519422551.333333
1519422551.400000
1519422551.533333
1519422551.600000
1519422551.733333
1519422551.800000
1519422551.933333
1519422552.000000
1519422552.133333
1519422552.200000
1519422552.333333
1519422552.400000
1519422552.533333
1519422552.600000
1519422552.733333
1519422552.800000
1519422552.933333
1519422553.000000
1519422553.133333
1519422553.200000
1519422553.333333
1519422553.400000
1519422553.533333
1519422553.600000
1519422553.733333
1519422553.800000
1519422553.933333
1519422554.000000
1519422554.133333
1519422554.200000
1519422554.333333
1519422554.400000
1519422554.533333
1519422554.600000
1519422554.733333
1519422554.800000
1519422554.933333
1519422555.000000
1519422555.133333
1519422555.200000
1519422555.333333
1519422555.400000
1519422555.533333
1519422555.600000
1519422555.733333
1519422555.800000
1519422555.933333
1519422556.000000
1519422556.133333
1519422556.200000
1519422556.333333
1519422556.400000
1519422556.533333
1519422556.600000
1519422556.733333
1519422556.800000
1519422556.933333
1519422557.000000
1519422557.133333
1519422557.200000
1519422557.333333
1519422557.400000
1519422557.533333
1519422557.600000
1519422557.733333
1519422557.800000
1519422557.933333
1519422558.000000
1519422558.133333
1519422558.200000
1519422558.333333
1519422558.400000
1519422558.533333
1519422558.600000
1519422558.733333
1519422558.800000
1519422558.933333
1519422559.000000
1519422559.133333
1519422559.200000
1519422559.333333
1519422559.400000
1519422559.533333
1519422559.600000
1519422559.733333
1519422559.800000
1519422559.933333
1519422560.000000
1519422560.133333
1519422560.200000
1519422560.333333
1519422560.400000
1519422560.533333
1519422560.600000
1519422560.733333
1519422560.800000
1519422560.933333
1519422561.000000
1519422561.133333
1519422561.200000
1519422561.333333
1519422561.400000
1519422561.533333
1519422561.600000
1519422561.733333
1519422561.800000
1519422561.933333
1519422562.000000
1519422562.133333
1519422562.200000
1519422562.333333
1519422562.400000
1519422562.533333
1519422562.600000
1519422562.733333
1519422562.800000
1519422562.933333
1519422563.000000
1519422563.133333
1519422563.200000
1519422563.333333
1519422563.400000
1519422563.533333
1519422563.600000
1519422563.733333
1519422563.800000
1519422563.933333
1519422564.000000
1519422564.133333
1519422564.200000
1519422564.333333
1519422564.400000
1519422564.533333
1519422564.600000
1519422564.733333
1519422564.800000
1519422564.933333
1519422565.000000
1519422565.133333
1519422565.200000
1519422565.333333
1519422565.400000
1519422565.533333
1519422565.600000
1519422565.733333
1519422565.800000
1519422565.933333
1519422566.000000
1519422566.133333
1519422566.200000
1519422566.333333
1519422566.400000
1519422566.533333
1519422566.600000
1519422566.733333
1519422566.800000
1519422566.933333
1519422567.000000
1519422567.133333
1519422567.200000
1519422567.333333
1519422567.400000
1519422567.533333
1519422567.600000
1519422567.733333
1519422567.800000
1519422567.933333
1519422568.000000
1519422568.133333
1519422568.200000
1519422568.333333
1519422568.400000
1519422568.533333
1519422568.600000
1519422568.733333
1519422568.800000
1519422568.933333
1519422569.000000
1519422569.133333
1519422569.200000
1519422569.333333
1519422569.400000
1519422569.533333
1519422569.600000
1519422569.733333
1519422569.800000
1519422569.933333
1519422570.000000
1519422570.133333
1519422570.200000
1519422570.333333
1519422570.400000
1519422570.533333
1519422570.600000
1519422570.733333
1519422570.800000
1519422570.933333
1519422571.000000
1519422571.133333
1519422571.200000
1519422571.333333
1519422571.400000
1519422571.533333
1519422571.600000
1519422571.733333
1519422571.800000
1519422571.933333
1519422572.000000
1519422572.133333
1519422572.200000
1519422572.333333
1519422572.400000
1519422572.533333
1519422572.600000
1519422572.733333
1519422572.800000
1519422572.933333
1519422573.000000
1519422573.133333
1519422573.200000
1519422573.333333
1519422573.400000
1519422573.533333
1519422573.600000
1519422573.733333
1519422573.800000
1519422573.933333
1519422574.000000
1519422574.133333
1519422574.200000
1519422574.333333
1519422574.400000
1519422574.533333
1519422574.600000
1519422574.733333
1519422574.800000
1519422574.933333
1519422575.000000
1519422575.133333
1519422575.200000
1519422575.333333
1519422575.400000
1519422575.533333
1519422575.600000
1519422575.733333
1519422575.800000
1519422575.933333
1519422576.000000
1519422576.133333
1519422576.200000
1519422576.333333
1519422576.400000
1519422576.533333
1519422576.600000
1519422576.733333
1519422576.800000
1519422576.933333
1519422577.000000
1519422577.133333
1519422577.200000
1519422577.333333
1519422577.400000
1519422577.533333
1519422577.600000
1519422577.733333
1519422577.800000
1519422577.933333
1519422578.000000
1519422578.133333
1519422578.200000
1519422578.333333
1519422578.400000
1519422578.533333
1519422578.600000
1519422578.733333
1519422578.800000
1519422578.933333
1519422579.000000
1519422579.133333
1519422579.200000
1519422579.333333
1519422579.400000
1519422579.533333
1519422579.600000
1519422579.733333
1519422579.800000
1519422579.933333
1519422580.000000
1519422580.133333
1519422580.200000
1519422580.333333
1519422580.400000
1519422580.533333
1519422580.600000
1519422580.733333
1519422580.800000
1519422580.933333
1519422581.000000
1519422581.133333
1519422581.200000
1519422581.333333
1519422581.400000
1519422581.533333
1519422581.600000
1519422581.733333
1519422581.800000
1519422581.933333
1519422582.000000
1519422582.133333
1519422582.200000
1519422582.333333
1519422582.400000
1519422582.533333
1519422582.600000
1519422582.733333
1519422582.800000
1519422582.933333
1519422583.000000
1519422583.133333
1519422583.200000
1519422583.333333
1519422583.400000
1519422583.533333
1519422583.600000
1519422583.733333
1519422583.800000
1519422583.933333
1519422584.000000
1519422584.133333
1519422584.200000
1519422584.333333
1519422584.400000
1519422584.533333
1519422584.600000
1519422584.733333
1519422584.800000
1519422584.933333
1519422585.000000
1519422585.133333
1519422585.200000
1519422585.333333
1519422585.400000
1519422585.533333
1519422585.600000
1519422585.733333
1519422585.800000
1519422585.933333
1519422586.000000
1519422586.133333
1519422586.200000
1519422586.333333
1519422586.400000
1519422586.533333
1519422586.600000
1519422586.733333
1519422586.800000
1519422586.933333
1519422587.000000
1519422587.133333
1519422587.200000
1519422587.333333
1519422587.400000
1519422587.533333
1519422587.600000
1519422587.733333
1519422587.800000
1519422587.933333
1519422588.000000
1519422588.133333
1519422588.200000
1519422588.333333
1519422588.400000
1519422588.533333
1519422588.600000
1519422588.733333
1519422588.800000
1519422588.933333
1519422589.000000
1519422589.133333
1519422589.200000
1519422589.333333
1519422589.400000
1519422589.533333
1519422589.600000
1519422589.733333
1519422589.800000
1519422589.933333
1519422590.000000
1519422590.133333
1519422590.200000
1519422590.333333
1519422590.400000
1519422590.533333
1519422590.600000
1519422590.733333
1519422590.800000
1519422590.933333
1519422591.000000
1519422591.133333
1519422591.200000
1519422591.333333
1519422591.400000
1519422591.533333
1519422591.600000
1519422591.733333
1519422591.800000
1519422591.933333
1519422592.000000
1519422592.133333
1519422592.200000
1519422592.333333
1519422592.400000
1519422592.533333
1519422592.600000
1519422592.733333
1519422592.800000
1519422592.933333
1519422593.000000
1519422593.133333
1519422593.200000
1519422593.333333
1519422593.400000
1519422593.533333
1519422593.600000
1519422593.733333
1519422593.800000
1519422593.933333
