1519422522.016259
1519422522.115792
1519422522.215325
1519422522.314857
1519422522.414390
1519422522.513923
1519422522.613456
1519422522.712989
1519422522.812521
1519422522.912054
1519422523.011587
1519422523.111120
1519422523.210653
1519422523.310186
1519422523.409718
1519422523.509251
1519422523.608784
1519422523.708317
1519422523.827756
1519422523.927289
1519422524.026822
1519422524.126355
1519422524.225887
1519422524.325420
1519422524.424953
1519422524.524486
1519422524.624019
1519422524.723551
1519422524.823084
1519422524.922617
1519422525.022150
1519422525.121683
1519422525.221216
1519422525.320748
1519422525.420281
1519422525.519814
1519422525.619347
1519422525.718880
1519422525.818412
1519422525.917945
1519422526.017478
1519422526.117011
1519422526.216544
1519422526.316077
1519422526.415609
1519422526.515142
1519422526.614675
1519422526.714208
1519422526.813741
1519422526.913273
1519422527.012805
1519422527.112338
1519422527.211871
1519422527.311404
1519422527.410936
1519422527.510469
1519422527.610002
1519422527.709535
1519422527.809068
1519422527.908601
1519422528.028040
1519422528.127573
1519422528.227106
1519422528.326638
1519422528.426171
1519422528.525704
1519422528.625237
1519422528.724770
1519422528.824302
1519422528.923835
1519422529.023367
1519422529.122900
1519422529.222433
1519422529.321966
1519422529.421498
1519422529.521031
1519422529.620564
1519422529.720097
1519422529.819630
1519422529.919162
1519422530.018696
1519422530.118229
1519422530.217762
1519422530.317295
1519422530.416828
1519422530.516360
1519422530.615893
1519422530.715426
1519422530.814959
1519422530.914492
1519422531.014023
1519422531.113556
1519422531.213089
1519422531.312622
1519422531.412155
1519422531.511688
1519422531.611220
1519422531.710753
1519422531.810286
1519422531.909819
1519422532.009351
1519422532.108883
1519422532.208416
1519422532.327856
1519422532.427388
1519422532.526921
1519422532.626454
1519422532.725987
1519422532.825520
1519422532.925053
1519422533.024585
1519422533.124118
1519422533.223651
1519422533.323184
1519422533.422717
1519422533.522249
1519422533.621782
1519422533.721315
1519422533.820848
1519422533.920381
1519422534.019914
1519422534.119446
1519422534.218979
1519422534.318512
1519422534.418045
1519422534.517578
1519422534.617110
1519422534.716643
1519422534.816176
1519422534.915709
1519422535.015242
1519422535.114775
1519422535.214307
1519422535.313840
1519422535.413373
1519422535.512906
1519422535.612439
1519422535.711971
1519422535.811504
1519422535.911037
1519422536.010569
1519422536.110102
1519422536.209635
1519422536.309167
1519422536.408700
1519422536.508233
1519422536.627672
1519422536.727205
1519422536.826738
1519422536.926271
1519422537.025803
1519422537.125335
1519422537.224868
1519422537.324401
1519422537.423934
1519422537.523467
1519422537.623000
1519422537.722532
1519422537.822065
1519422537.921598
1519422538.021131
1519422538.120664
1519422538.220196
1519422538.319729
1519422538.419262
1519422538.518795
1519422538.618328
1519422538.717861
1519422538.817393
1519422538.916926
1519422539.016459
1519422539.115992
1519422539.215525
1519422539.315057
1519422539.414590
1519422539.514123
1519422539.613656
1519422539.713189
1519422539.812722
1519422539.912254
1519422540.011787
1519422540.111320
1519422540.210853
1519422540.310386
1519422540.409918
1519422540.509451
1519422540.608984
1519422540.708517
1519422540.827956
1519422540.927489
1519422541.027021
1519422541.126554
1519422541.226087
1519422541.325619
1519422541.425152
1519422541.524685
1519422541.624218
1519422541.723751
1519422541.823284
1519422541.922816
1519422542.022349
1519422542.121882
1519422542.221415
1519422542.320948
1519422542.420480
1519422542.520013
1519422542.619546
1519422542.719079
1519422542.818612
1519422542.918145
1519422543.017677
1519422543.117210
1519422543.216743
1519422543.316276
1519422543.415809
1519422543.515341
1519422543.614874
1519422543.714407
1519422543.813940
1519422543.913473
1519422544.013006
1519422544.112538
1519422544.212071
1519422544.311604
1519422544.411137
1519422544.510670
1519422544.610202
1519422544.709735
1519422544.809268
1519422544.908801
1519422545.008334
1519422545.127773
1519422545.227306
1519422545.326839
1519422545.426372
1519422545.525904
1519422545.625437
1519422545.724970
1519422545.824503
1519422545.924036
1519422546.023567
1519422546.123099
1519422546.222632
1519422546.322165
1519422546.421698
1519422546.521231
1519422546.620763
1519422546.720296
1519422546.819829
1519422546.919362
1519422547.018895
1519422547.118428
1519422547.217960
1519422547.317493
1519422547.417026
1519422547.516559
1519422547.616092
1519422547.715624
1519422547.815157
1519422547.914690
1519422548.014223
1519422548.113756
1519422548.213289
1519422548.312821
1519422548.412354
1519422548.511887
1519422548.611420
1519422548.710953
1519422548.810486
1519422548.910018
1519422549.009551
1519422549.109084
1519422549.208617
1519422549.308150
1519422549.427589
1519422549.527122
1519422549.626655
1519422549.726187
1519422549.825720
1519422549.925253
1519422550.024786
1519422550.124319
1519422550.223852
1519422550.323384
1519422550.422917
1519422550.522450
1519422550.621983
1519422550.721516
1519422550.821049
1519422550.920581
1519422551.020112
1519422551.119645
1519422551.219178
1519422551.318711
1519422551.418243
1519422551.517776
1519422551.617309
1519422551.716842
1519422551.816375
1519422551.915908
1519422552.015441
1519422552.114974
1519422552.214507
1519422552.314040
1519422552.413573
1519422552.513106
1519422552.612638
1519422552.712171
1519422552.811704
1519422552.911237
1519422553.010769
1519422553.110301
1519422553.209834
1519422553.309367
1519422553.408900
1519422553.508433
1519422553.627872
1519422553.727405
1519422553.826938
1519422553.926471
1519422554.026004
1519422554.125537
1519422554.225070
1519422554.324603
1519422554.424136
1519422554.523669
1519422554.623201
1519422554.722734
1519422554.822267
1519422554.921800
1519422555.021332
1519422555.120864
1519422555.220397
1519422555.319930
1519422555.419463
1519422555.518996
1519422555.618529
1519422555.718061
1519422555.817594
1519422555.917127
1519422556.016659
1519422556.116192
1519422556.215725
1519422556.315257
1519422556.414790
1519422556.514323
1519422556.613856
1519422556.713389
1519422556.812921
1519422556.912454
1519422557.011987
1519422557.111520
1519422557.211053
1519422557.310586
1519422557.410118
1519422557.509651
1519422557.609184
1519422557.708717
1519422557.808250
1519422557.927689
1519422558.027222
1519422558.126755
1519422558.226288
1519422558.325820
1519422558.425353
1519422558.524886
1519422558.624419
1519422558.723952
1519422558.823485
1519422558.923017
1519422559.022550
1519422559.122083
1519422559.221616
1519422559.321149
1519422559.420681
1519422559.520214
1519422559.619747
1519422559.719280
1519422559.818813
1519422559.918346
1519422560.017877
1519422560.117410
1519422560.216943
1519422560.316476
1519422560.416009
1519422560.515542
1519422560.615074
1519422560.714607
1519422560.814140
1519422560.913673
1519422561.013205
1519422561.112737
1519422561.212270
1519422561.311803
1519422561.411336
1519422561.510869
1519422561.610402
1519422561.709934
1519422561.809467
1519422561.909000
1519422562.008533
1519422562.127972
1519422562.227505
1519422562.327038
1519422562.426571
1519422562.526104
1519422562.625636
1519422562.725169
1519422562.824702
1519422562.924235
1519422563.023768
1519422563.123301
1519422563.222833
1519422563.322366
1519422563.421899
1519422563.521432
1519422563.620965
1519422563.720498
1519422563.820030
1519422563.919563
1519422564.019096
1519422564.118629
1519422564.218162
1519422564.317694
1519422564.417227
1519422564.516760
1519422564.616293
1519422564.715826
1519422564.815359
1519422564.914891
1519422565.014423
1519422565.113956
1519422565.213489
1519422565.313022
1519422565.412555
1519422565.512087
1519422565.611620
1519422565.711153
1519422565.810686
1519422565.910219
1519422566.009751
1519422566.109283
1519422566.208816
1519422566.308349
1519422566.427788
1519422566.527321
1519422566.626854
1519422566.726387
1519422566.825920
1519422566.925453
1519422567.024985
1519422567.124518
1519422567.224051
1519422567.323584
1519422567.423117
1519422567.522649
1519422567.622182
1519422567.721715
1519422567.821248
1519422567.920781
1519422568.020315
1519422568.119847
1519422568.219380
1519422568.318913
1519422568.418446
1519422568.517979
1519422568.617512
1519422568.717044
1519422568.816577
1519422568.916110
1519422569.015642
1519422569.115175
1519422569.214708
1519422569.314240
1519422569.413773
1519422569.513306
1519422569.612839
1519422569.712372
1519422569.811904
1519422569.911437
1519422570.010969
1519422570.110502
1519422570.210035
1519422570.309567
1519422570.409100
1519422570.508633
1519422570.608166
1519422570.727605
1519422570.827138
1519422570.926671
1519422571.026204
1519422571.125737
1519422571.225269
1519422571.324802
1519422571.424335
1519422571.523868
1519422571.623401
1519422571.722933
1519422571.822466
1519422571.921999
1519422572.021532
1519422572.121065
1519422572.220597
1519422572.320130
1519422572.419663
1519422572.519196
1519422572.618729
1519422572.718262
1519422572.817794
1519422572.917327
1519422573.016860
1519422573.116393
1519422573.215926
1519422573.315458
1519422573.414991
1519422573.514524
1519422573.614057
1519422573.713590
1519422573.813122
1519422573.912655
1519422574.012187
1519422574.111720
1519422574.211253
1519422574.310786
1519422574.410318
1519422574.509851
1519422574.609384
1519422574.708917
1519422574.808450
1519422574.927889
1519422575.027421
1519422575.126954
1519422575.226486
1519422575.326019
1519422575.425552
1519422575.525085
1519422575.624618
1519422575.724150
1519422575.823683
1519422575.923216
1519422576.022749
1519422576.122282
1519422576.221815
1519422576.321347
1519422576.420880
1519422576.520413
1519422576.619946
1519422576.719479
1519422576.819011
1519422576.918544
1519422577.018077
1519422577.117610
1519422577.217143
1519422577.316676
1519422577.416208
1519422577.515741
1519422577.615274
1519422577.714807
1519422577.814340
1519422577.913872
1519422578.013405
1519422578.112938
1519422578.212471
1519422578.312004
1519422578.411536
1519422578.511069
1519422578.610602
1519422578.710135
1519422578.809668
1519422578.909201
1519422579.008732
1519422579.108265
1519422579.227705
1519422579.327237
1519422579.426770
1519422579.526303
1519422579.625836
1519422579.725369
1519422579.824901
1519422579.924434
1519422580.023966
1519422580.123499
1519422580.223032
1519422580.322565
1519422580.422097
1519422580.521630
1519422580.621163
1519422580.720696
1519422580.820229
1519422580.919761
1519422581.019294
1519422581.118827
1519422581.218360
1519422581.317893
1519422581.417425
1519422581.516958
1519422581.616491
1519422581.716024
1519422581.815557
1519422581.915090
1519422582.014622
1519422582.114155
1519422582.213688
1519422582.313221
1519422582.412754
1519422582.512286
1519422582.611819
1519422582.711352
1519422582.810885
1519422582.910418
1519422583.009951
1519422583.109483
1519422583.209016
1519422583.308549
1519422583.427988
1519422583.527521
1519422583.627054
1519422583.726587
1519422583.826120
1519422583.925652
1519422584.025184
1519422584.124717
1519422584.224250
1519422584.323783
1519422584.423316
1519422584.522848
1519422584.622381
1519422584.721914
1519422584.821447
1519422584.920980
1519422585.020511
1519422585.120044
1519422585.219577
1519422585.319110
1519422585.418643
1519422585.518175
1519422585.617708
1519422585.717241
1519422585.816774
1519422585.916307
1519422586.015841
1519422586.115373
1519422586.214906
1519422586.314439
1519422586.413972
1519422586.513505
1519422586.613037
1519422586.712570
1519422586.812103
1519422586.911636
1519422587.011169
1519422587.110702
1519422587.210234
1519422587.309767
1519422587.409300
1519422587.508833
1519422587.608366
1519422587.727805
1519422587.827338
1519422587.926871
1519422588.026403
1519422588.125936
1519422588.225469
1519422588.325002
1519422588.424535
1519422588.524068
1519422588.623600
1519422588.723133
1519422588.822666
1519422588.922199
1519422589.021730
1519422589.121262
1519422589.220795
1519422589.320328
1519422589.419861
1519422589.519394
1519422589.618927
1519422589.718459
1519422589.817992
1519422589.917525
1519422590.017058
1519422590.116591
1519422590.216123
1519422590.315656
1519422590.415189
1519422590.514722
1519422590.614255
1519422590.713787
1519422590.813320
1519422590.912853
1519422591.012386
1519422591.111919
1519422591.211452
1519422591.310984
1519422591.410517
1519422591.510050
1519422591.609583
1519422591.709116
1519422591.808648
1519422591.908181
1519422592.027621
1519422592.127154
1519422592.226686
1519422592.326219
1519422592.425752
1519422592.525285
1519422592.624818
1519422592.724350
1519422592.823883
1519422592.923416
1519422593.022949
1519422593.122482
1519422593.222015
1519422593.321547
1519422593.421080
1519422593.520613
1519422593.620146
1519422593.719679
1519422593.819211
1519422593.918744
